%BLOCK LATTICE_CART
       2.199964333233611      -1.270150000000000       0.000000000000000
       0.000000000000000       2.540300000000000       0.000000000000000
       0.000000000000000       0.000000000000000      18.000000000000000
%ENDBLOCK LATTICE_CART

%BLOCK POSITIONS_FRAC
  H   0.6666666666666670   0.3333333333333330   0.4255200000000000
  H   0.3333333333333330   0.6666666666666669  -0.4255200000000000
  C   0.6666666666666670   0.3333333333333330   0.4872499999999999
  C   0.3333333333333330   0.6666666666666669  -0.4872499999999999
%ENDBLOCK POSITIONS_FRAC

%BLOCK KPOINTS_LIST
   0.4444444444444444   0.4444444444444444   0.0000000000000000       0.074074074074074
   0.4444444444444444   0.3333333333333334   0.0000000000000000       0.148148148148148
   0.4444444444444444   0.0000000000000000   0.0000000000000000       0.074074074074074
   0.4444444444444444  -0.1111111111111111   0.0000000000000000       0.148148148148148
   0.4444444444444444  -0.2222222222222222   0.0000000000000000       0.074074074074074
   0.3333333333333334   0.3333333333333334   0.0000000000000000       0.024691358024691
   0.3333333333333334   0.0000000000000000   0.0000000000000000       0.074074074074074
   0.3333333333333334  -0.1111111111111111   0.0000000000000000       0.148148148148148
   0.2222222222222222   0.0000000000000000   0.0000000000000000       0.074074074074074
   0.2222222222222222  -0.1111111111111111   0.0000000000000000       0.074074074074074
   0.1111111111111112   0.0000000000000000   0.0000000000000000       0.074074074074074
   0.0000000000000000   0.0000000000000000   0.0000000000000000       0.012345679012346
%ENDBLOCK KPOINTS_LIST

%BLOCK SYMMETRY_OPS
       1.000000000000000       0.000000000000000       0.000000000000000
       0.000000000000000       1.000000000000000       0.000000000000000
       0.000000000000000       0.000000000000000       1.000000000000000
       0.000000000000000       0.000000000000000       0.000000000000000
      -0.500000000000000       0.866025403784438       0.000000000000000
      -0.866025403784439      -0.500000000000000       0.000000000000000
       0.000000000000000       0.000000000000000       1.000000000000000
       0.000000000000000       0.000000000000000       0.000000000000000
      -0.500000000000000      -0.866025403784438       0.000000000000000
       0.866025403784439      -0.500000000000000       0.000000000000000
       0.000000000000000       0.000000000000000       1.000000000000000
       0.000000000000000       0.000000000000000       0.000000000000000
       0.500000000000000       0.866025403784438       0.000000000000000
       0.866025403784439      -0.500000000000000       0.000000000000000
       0.000000000000000       0.000000000000000      -1.000000000000000
       0.000000000000000       0.000000000000000       0.000000000000000
       0.500000000000000      -0.866025403784438       0.000000000000000
      -0.866025403784439      -0.500000000000000       0.000000000000000
       0.000000000000000       0.000000000000000      -1.000000000000000
       0.000000000000000       0.000000000000000       0.000000000000000
      -1.000000000000000       0.000000000000000       0.000000000000000
       0.000000000000000       1.000000000000000       0.000000000000000
       0.000000000000000       0.000000000000000      -1.000000000000000
       0.000000000000000       0.000000000000000       0.000000000000000
      -1.000000000000000       0.000000000000000       0.000000000000000
       0.000000000000000      -1.000000000000000       0.000000000000000
       0.000000000000000       0.000000000000000      -1.000000000000000
       0.000000000000000       0.000000000000000       0.000000000000000
       0.500000000000000      -0.866025403784438       0.000000000000000
       0.866025403784439       0.500000000000000       0.000000000000000
       0.000000000000000       0.000000000000000      -1.000000000000000
       0.000000000000000       0.000000000000000       0.000000000000000
       0.500000000000000       0.866025403784438       0.000000000000000
      -0.866025403784439       0.500000000000000       0.000000000000000
       0.000000000000000       0.000000000000000      -1.000000000000000
       0.000000000000000       0.000000000000000       0.000000000000000
      -0.500000000000000      -0.866025403784438       0.000000000000000
      -0.866025403784439       0.500000000000000       0.000000000000000
       0.000000000000000       0.000000000000000       1.000000000000000
       0.000000000000000       0.000000000000000       0.000000000000000
      -0.500000000000000       0.866025403784438       0.000000000000000
       0.866025403784439       0.500000000000000       0.000000000000000
       0.000000000000000       0.000000000000000       1.000000000000000
       0.000000000000000       0.000000000000000       0.000000000000000
       1.000000000000000       0.000000000000000       0.000000000000000
       0.000000000000000      -1.000000000000000       0.000000000000000
       0.000000000000000       0.000000000000000       1.000000000000000
       0.000000000000000       0.000000000000000       0.000000000000000
%ENDBLOCK SYMMETRY_OPS

FIX_COM : false
%BLOCK IONIC_CONSTRAINTS
%ENDBLOCK IONIC_CONSTRAINTS

%BLOCK EXTERNAL_EFIELD
    0.0000000000     0.0000000000     0.0000000000 
%ENDBLOCK EXTERNAL_EFIELD

%BLOCK SPECIES_MASS
       H      1.0080000162
       C     12.0109996796
%ENDBLOCK SPECIES_MASS

%BLOCK SPECIES_POT
       H  H_00PBE_OP.recpot
       C  C_00PBE_OP.recpot
%ENDBLOCK SPECIES_POT

%BLOCK SPECIES_LCAO_STATES
       H         1
       C         2
%ENDBLOCK SPECIES_LCAO_STATES

